
strategic_region={
	id=16
	name="Andalucia"
	provinces={
		363 400 522 720 722 1088 2158 2374 2850 2987 3332 3353 3461 3676 4032 4241 4629 4725 4965 5034 5085 5108 5549 5572 5805 5979 5981 6230 6754 6886 7139 7261 7506 7582 7820 8220 8265 8949 9158 9455 9618 9662 9852 10008 10078 10099 10133 10300 10378 10906 10916 11241 11309 16351 16372 16410 16412 16417 16430 16432 16434 16436 16454 16458 16459 16463 16487 16503 16511 16514 16522 16523 16524 16530 16532 16537 16538 16545 16548 16561 16564 16573 16622 16628 16644 16657 
	}
	weather={
	}
}
