
strategic_region={
	id=32
	name="Celtic Atlantic"
	provinces={
		17494 17501 17511 17513 17526 17535 17556 17557 17558 17562 17565 17578 17585 17589 17614 17620 17625 17627 17639 17655 17663 17670 17673 17692 17699 17711 17725 17736 17741 17755 17774 17788 17803 17828 17830 17838 17872 17876 17903 17907 17957 17963 18001 18009 18026 18051 18057 18065 18095 18189 18204 18209 18229 18233 18235 18244 18247 18266 18308 18322 18342 18361 18374 18398 18418 18441 18491 18520 18540 18568 18573 18597 18628 18680 18682 18689 18734 18769 18783 18829 18833 18836 18837 18852 18871 18875 18877 18895 18908 
	}
	naval_terrain=water_deep_ocean
	weather={
	}
}
