
strategic_region={
	id=33
	name="Icelandic Ocean"
	provinces={
		17482 17500 17536 17537 17540 17552 17591 17594 17600 17601 17609 17615 17616 17624 17628 17654 17678 17706 17709 17713 17732 17740 17742 17749 17771 17775 17802 17810 17827 17835 17840 17856 17862 17869 17879 17888 17920 17922 17925 17927 17951 18012 18017 18085 18088 18093 18096 18109 18115 18133 18142 18152 18155 18162 18174 18182 18183 18218 18237 18248 18281 18298 18320 18410 18414 18429 18455 18463 18501 18543 18547 18563 18660 18663 18666 18673 18717 18719 18737 18740 18744 18754 18755 18767 18814 18830 18838 18840 18841 18842 18844 18850 18854 18858 18861 
	}
	weather={
	}
}
