
strategic_region={
	id=72
	name="Occitania"
	provinces={
		136 284 469 841 945 1056 1157 1233 1242 1778 1793 1837 1838 2011 2134 2357 2574 2667 2669 2708 2771 2777 3483 3661 4440 4827 4937 5552 5617 5860 6092 6254 6293 6834 6987 7753 7754 7984 8147 8384 8561 8682 9161 9291 9542 9848 9867 10138 10140 10145 10374 10399 10561 10662 10823 10914 10947 10962 14889 15012 15020 15065 15099 15111 15116 15125 15139 15186 15195 15203 15216 15218 15240 15252 15263 15274 15283 15293 15297 15322 15324 15339 15344 15357 15362 15375 15386 15391 15398 15405 15410 15415 15433 15452 15465 15470 19262 
	}
	weather={
	}
}
