
strategic_region={
	id=75
	name="Auvergne Rhones"
	provinces={
		435 644 924 1013 1015 1727 2017 2128 2620 2673 2709 2747 2901 2942 2995 3212 3286 3391 3439 3445 3588 3731 3740 3794 4085 4211 4767 5169 5657 5666 6084 6321 6369 6449 6456 6508 6530 6598 6629 6895 7038 7044 7585 7977 8537 8801 8830 8945 9364 9398 9634 9876 9905 9983 10210 10405 10471 10474 10480 10632 10653 10717 10781 11137 11208 14671 14677 14678 14682 14704 14709 14710 14714 14724 14736 14739 14742 14755 14762 14775 14781 14790 14804 14834 14842 14844 14847 14862 14870 14874 14876 14880 14885 14899 14904 14912 14913 14914 14937 14942 14956 14964 14980 14993 15016 15021 15026 15117 15140 15165 
	}
	weather={
	}
}
