
strategic_region={
	id=77
	name="Brittany"
	provinces={
		418 457 564 691 734 1083 1140 1431 1442 1753 1895 2157 2624 2637 3319 3690 3869 3923 4003 4060 4196 4654 4691 4700 4903 5097 5211 5525 5982 6220 6236 6243 6376 6514 6586 6715 6958 7118 7175 7215 7775 7788 7861 7891 7969 8353 8583 8735 8763 9023 9037 9167 9622 9729 9901 9915 10029 10165 10724 10895 11070 11198 13881 13920 13951 13962 13965 13978 13981 13992 14002 14006 14007 14039 14058 14068 14087 14098 14099 14108 14126 14131 14138 14160 14164 14176 14185 14194 14204 14207 14208 14225 14236 14245 14251 14259 14286 14316 14317 14327 14352 14371 14381 14410 14447 14485 14526 14530 14557 17388 17389 
	}
	weather={
	}
}
