
strategic_region={
	id=90
	name="STRATEGICREGION_90"
	provinces={
		68 118 539 621 1102 1269 1924 1956 2112 2219 2263 2267 3100 3137 3236 3506 4974 5380 5500 5537 5613 5816 5902 5977 6003 6059 6089 6131 6267 6507 6802 6977 7236 7321 7346 7565 7740 7756 7810 8600 8878 8902 9004 9299 9472 9515 9519 9615 9706 9821 9966 9986 10024 10185 10255 10294 10384 10585 10671 10837 10873 10974 11163 11267 13211 13230 13235 13245 13298 13332 13372 13373 13403 13415 13422 13423 13450 13456 13464 13472 13473 13504 13519 13537 13561 13566 13567 13591 13602 13608 13621 13648 13683 13710 13735 13749 13768 13779 13780 13793 13807 13813 13814 13842 13865 13870 13878 13966 13982 13983 13988 14026 14030 
	}
	weather={
	}
}
