
strategic_region={
	id=91
	name="STRATEGICREGION_91"
	provinces={
		222 810 1235 1427 1597 1896 2081 2289 2828 2898 2910 3009 3267 3363 3513 3723 3919 4012 4212 4944 5148 5189 5232 5562 5619 5866 6184 7070 7323 7327 7405 7469 7626 7817 8023 8202 8250 8314 8460 8981 9361 9387 9502 9665 9718 10372 10777 10944 12773 12796 12807 12845 12853 12861 12880 12900 12906 12920 12934 12939 12955 12969 12984 13007 13013 13045 13051 13054 13057 13063 13081 13086 13095 13118 13120 13123 13162 13168 13171 13187 13202 13215 13219 13220 13231 13250 13255 13311 13352 13377 
	}
	weather={
	}
}
