
strategic_region={
	id=93
	name="STRATEGICREGION_93"
	provinces={
		40 171 290 649 847 851 876 1180 1635 1642 1690 1752 1765 1779 1818 1842 1972 2074 2430 2502 2528 2581 3190 3222 3487 3547 4002 4269 4482 4489 4555 4799 4818 4911 5098 5336 5358 5542 5564 5698 5822 5838 6217 6275 6280 6316 6516 6757 6762 6868 6885 7056 7084 7361 7441 7470 7488 7703 7764 7884 7955 7963 8133 8238 8547 8564 8582 8713 9100 9310 9394 9412 9432 9520 9536 9559 9569 9586 9675 9811 9878 9882 9884 10142 10317 10331 10410 10415 10584 10788 10990 11209 12567 12582 12599 12602 12605 12611 12617 12627 12636 12658 12664 12679 12690 12695 12707 12711 12715 12721 12731 12732 12738 12742 12746 12751 12755 12768 12769 12777 12779 12786 12790 12800 12801 12805 12808 12811 12814 12815 12829 12830 12835 12846 12847 12862 12863 12865 12867 12868 12871 12881 12891 12892 12918 12935 12943 12956 12959 12964 12985 12990 13005 13023 13024 13030 13040 13041 13064 13070 13073 13074 13105 13139 13144 13164 13176 13197 13213 13232 13280 13304 17361 17366 
	}
	weather={
	}
}
