
strategic_region={
	id=95
	name="STRATEGICREGION_95"
	provinces={
		332 346 472 999 1009 1215 1594 1651 1921 2010 2044 2082 2087 2410 2522 2832 2833 3094 3254 3398 3476 3478 3539 3747 3816 3863 3887 3891 3935 3980 4309 4369 4372 4456 4557 4661 4763 4845 4913 4983 5115 5130 5441 5702 5704 6207 6212 6381 6433 6437 6543 6569 6575 6612 6622 6714 6771 6877 6917 6949 6990 7018 7295 7388 7435 7447 7449 7581 7633 7648 7662 7776 8155 8175 8191 8193 8352 8454 8461 8472 8484 8570 8807 8836 8843 8928 9084 9252 9287 9393 9469 9656 9779 9859 9900 9998 10150 10346 10468 10505 10643 10828 10844 10978 11122 11190 11236 11243 11313 11315 13711 13724 13740 13741 13774 13781 13799 13802 13819 13838 13851 13857 13890 13894 13900 13906 13914 13923 13953 13967 13968 13969 13972 13973 13984 14003 14010 14031 14036 14040 14052 14060 14063 14069 14075 14080 14081 14100 14106 14120 14123 14127 14129 14130 14134 14152 14153 14161 14167 14178 14179 14183 14186 14188 14191 14197 14218 14227 14233 14240 14246 14252 14256 14261 14262 14280 14295 14296 14304 14318 14324 14328 14338 14340 14345 14347 14348 14349 14357 14358 14376 14379 14435 14450 14454 
	}
	weather={
	}
}
