3 28 15763 15780 1723 9382 10558 15909 6426 3276 15922 4579 10514 4529 4694 16235 4932 3594 802 6962 681 9791 2720 8465 16470 6431 9538 2174 9025 2619 
1 2 9025 8048 
3 4 5693 11340 15659 15624 
2 3 1587 6999 15307 
3 4 15307 5955 7254 15256 
2 3 15307 9268 3431 
1 4 5955 15335 15365 7446 
3 4 15256 8120 15261 2738 
3 5 1587 10393 1441 5833 15164 
3 7 10313 15072 5357 15137 565 11083 15164 
3 2 10313 15098 
3 5 15098 9557 15157 10394 3369 
1 3 9557 15239 3793 
3 5 3369 4941 9072 6621 10423 
2 3 9072 10225 15198 
1 3 15246 3092 15278 
1 2 11227 15002 
1 2 7300 3554 
1 2 7300 1974 
3 3 5182 11354 5797 
2 4 3668 4963 15714 4741 
1 2 15675 3668 
2 3 15714 15745 15784 
1 2 9132 3668 
1 2 9548 15966 
1 4 15929 711 2431 9616 
4 7 8288 7844 16111 4515 16151 16179 9620 
3 4 16024 16034 16071 16111 
3 6 16024 16030 214 16201 5177 8942 
1 2 16201 7265 
1 4 16201 8786 16289 5082 
1 2 16368 5082 
3 6 5082 16268 16251 16250 16224 9620 
1 5 16368 16421 6397 16475 16506 
1 2 16506 16507 
2 4 16507 2158 7139 4725 
3 4 4725 9618 6886 3353 
1 2 7139 5108 
1 3 1378 8863 7471 
1 3 11214 16538 16558 
1 3 116 2378 16627 
3 2 4241 16514 
3 3 3353 11309 4241 
1 4 3332 2987 4965 3461 
1 2 3461 16538 
2 2 8949 16514 
3 3 16138 3545 1693 
3 4 8207 16057 10182 16132 
3 4 8207 16009 15956 4111 
4 2 4111 15957 
4 4 4111 3603 15834 15770 
3 5 15817 15808 15834 3603 10018 
1 2 15817 4709 
2 4 3603 15796 15754 15719 
4 5 4111 15893 7588 9972 15904 
1 3 4709 15746 6724 
2 2 10321 4607 
2 4 4607 4112 15432 4122 
1 3 3276 11320 15729 
3 4 9382 9172 1866 10076 
3 2 1723 15743 
3 3 15743 10772 1866 
1 2 10076 15652 
3 4 15763 5095 15653 15603 
3 7 15603 2879 15452 15410 10561 8561 15339 
1 2 15452 15398 
3 3 15339 15293 1056 
3 4 6293 15216 10145 1778 
3 4 1778 6987 2667 2771 
1 2 9291 2771 
3 3 2771 945 15125 
2 4 6293 15375 8147 136 
3 5 6293 10962 1838 7984 2134 
3 6 6745 3197 15148 7406 4052 1721 
1 2 2282 15148 
3 6 8641 14869 5258 2133 6809 1721 
3 3 2282 4126 9999 
3 4 7097 4147 3327 9999 
1 2 7097 8641 
3 5 8641 14869 10159 14783 10629 
3 2 14869 10061 
3 2 10061 1477 
3 4 1477 14788 5331 4285 
1 4 4285 14663 4531 14603 
1 3 4531 7386 14611 
3 11 14603 4531 7386 14531 14486 14448 4003 14447 457 14381 7175 
1 2 14447 5097 
1 2 457 14327 
2 4 14448 2424 9037 7969 
1 3 14611 4165 14551 
2 3 6464 6376 7969 
3 6 6464 14382 10440 14309 6029 3796 
2 4 10440 14356 499 986 
3 4 6586 9729 14226 3796 
3 6 6586 7215 14018 9253 1549 13817 
3 5 13962 13992 6715 14068 418 
3 6 418 3319 1431 14108 5982 7775 
1 2 1083 1431 
1 4 5982 2637 6243 14236 
3 4 13860 13888 5197 13817 
3 3 9253 13909 10124 
3 3 10124 9110 10520 
3 3 10520 7053 9300 
4 3 9300 13818 7505 
4 2 7505 10854 
3 3 2123 9562 8380 
3 3 8380 13801 7505 
4 2 10854 933 
4 2 933 5953 
4 2 5953 13600 
4 3 13600 13553 5254 
1 4 5254 13536 4716 13437 
1 2 13437 13414 
1 4 13414 9948 13493 13546 
1 2 5254 13493 
3 4 13546 13579 5134 386 
2 2 386 5023 
3 3 13546 8413 10446 
3 4 10446 3415 10466 8370 
2 2 13590 8370 
3 4 8370 13565 13580 13601 
2 2 13580 10387 
4 2 13565 9834 
1 2 10466 9834 
4 2 9834 6735 
4 2 9834 1682 
2 3 1682 13513 6729 
1 2 10387 13513 
3 2 1682 13447 
3 4 6735 6146 13420 1733 
3 3 10446 13506 8406 
3 3 8406 13454 13420 
1 3 13420 4999 13349 
3 3 13447 4833 13349 
3 4 6729 13441 13389 780 
3 3 780 13385 13499 
3 4 780 13331 13324 4912 
3 4 13331 13297 4296 6788 
1 2 9095 9650 
1 3 9650 1122 6788 
1 3 9650 993 7738 
4 3 7738 13161 13122 
4 2 13122 13084 
3 2 13080 13084 
4 4 13084 13048 7197 12977 
3 3 13122 3591 1927 
1 2 6788 10538 
2 3 1927 13204 10538 
3 5 1056 10745 9327 15406 15454 
1 3 15454 15443 15466 
3 7 15466 15416 9114 15426 7442 15328 15325 
3 2 15328 7117 
1 3 1056 15274 2500 
3 3 7117 4875 15187 
3 4 15187 330 8848 7808 
3 6 8848 14993 8537 435 14914 14874 
3 6 14874 14904 14937 14980 4085 10471 
1 4 4085 2709 15165 2500 
1 6 4085 4767 2673 15117 15149 15187 
3 5 14874 4211 3445 1015 8945 
3 4 3445 14781 3794 14755 
1 3 14709 3286 14781 
3 4 14755 8801 14847 14885 
2 4 14980 2620 10210 10632 
3 3 14885 10632 14913 
2 4 14913 9905 2747 14912 
3 4 9905 14899 11208 14790 
3 4 14790 2017 14677 6508 
3 6 6508 14704 5666 14775 644 8801 
1 4 1477 14398 14691 9188 
2 3 9188 14706 14685 
2 6 14685 14780 7616 9946 1013 14790 
2 4 14912 6895 9331 14861 
2 4 2667 5860 841 14861 
2 3 9331 14813 14780 
2 4 14685 8395 14552 5727 
3 6 8707 112 4461 14475 3672 14441 
4 4 14506 14467 3144 14389 
4 3 3144 14369 6162 
4 4 14506 14558 9666 6778 
4 7 14389 4198 14294 6247 14199 6881 2097 
4 2 14294 14260 
3 2 14260 8991 
3 3 8991 3000 2684 
3 3 2684 14025 6050 
3 3 14025 7946 13899 
3 7 13899 3693 10093 13746 8160 3809 4370 
3 3 7920 13601 4131 
1 2 4370 13601 
1 5 3872 13922 3314 9003 1492 
1 2 3314 994 
1 3 14221 4138 14222 
4 4 13903 9957 7941 14091 
4 5 1702 14057 14091 14062 10172 
4 4 1702 13995 13893 9110 
4 3 1702 13943 9957 
4 3 9957 1786 9562 
4 3 13903 13877 13818 
1 4 10172 11203 14078 1492 
1 4 14091 9356 14195 8818 
4 3 14091 14092 14119 
1 2 1702 14092 
3 2 14119 14169 
3 3 14169 10955 6029 
4 3 1786 5387 10172 
3 4 2123 13754 13720 386 
1 2 5023 13590 
2 3 10538 2756 7423 
1 2 7423 13119 
3 3 13119 4726 4706 
3 4 4706 10009 12903 7661 
1 3 10812 10009 9486 
2 4 7661 7006 736 10768 
1 2 9486 736 
3 3 1927 13142 13119 
2 4 13119 4738 7608 10768 
2 5 11109 8552 11328 15902 9140 
1 2 4932 427 
1 4 16470 6143 11027 681 
1 2 9158 10078 
2 4 6400 1290 7416 10321 
3 4 15548 2323 2312 6189 
3 5 5182 9282 15557 11240 15548 
3 3 15464 8055 11240 
3 3 5797 15461 15464 
2 3 2323 15593 7743 
1 2 8542 10225 
2 3 3431 9654 10393 
3 3 1587 1760 7254 
1 4 9268 10995 15414 7446 
1 3 7446 9631 2738 
3 3 2738 15312 6745 
3 4 2134 15386 4093 15312 
1 4 1721 7754 15111 1778 
1 4 945 8384 8561 15339 
2 6 15375 15322 9867 9542 15362 15398 
3 4 15125 2011 2128 10471 
1 2 2011 9905 
2 3 2667 14889 14912 
3 4 6508 10653 14535 112 
1 4 14138 2624 8763 6586 
3 3 2637 14251 14327 
1 3 10801 2935 15890 
1 2 15616 15695 
1 2 6219 15823 
1 5 4231 16133 3368 7645 643 
1 4 16313 8360 3430 16272 
1 3 16465 5456 16433 
1 3 7645 16156 3368 
1 4 3368 16196 16236 16272 
1 4 3430 11097 2705 16433 
1 2 16369 16327 
1 2 16369 2395 
1 2 9474 16312 
1 2 9474 5010 
1 2 11125 1555 
2 2 4122 5080 
2 3 11320 6174 1866 
2 3 5693 7720 11250 
4 3 15893 2194 15754 
3 3 10018 7282 15968 
2 3 15719 2240 10321 
1 3 4112 5368 10631 
1 4 10631 10813 5278 15164 
3 4 10182 16213 16262 10570 
3 4 10570 16352 16416 3332 
3 5 15957 16002 16062 16093 16138 
3 7 3545 16190 8557 16246 6073 16300 3594 
2 5 16138 7600 4069 6824 15859 
2 3 5010 8953 2174 
