1 1378 
1 1721 
1 2619 
1 2750 
1 3353 
1 3461  
1 4694 
1 4725      
1 8048  
1 8465   
1 9382 
1 9538         
1 16301  
1 16369 
1 16470 
1 16514 

1 1693 
1 9474
1 10018
1 15624
1 11109
1 9140
1 116 
1 136 
1 386 
1 933 
1 986 
1 994 
1 1056 
1 1083 
1 1477 
1 1492 
1 1587 
1 1702  
1 1778 
1 2123 
1 2204 
1 2282 
1 2684  
1 2771 
1 3276  
1 3431 
1 3445 
1 3793 
1 3796 
1 3811 
1 3832 
1 3872 
1 4122 
1 4131 
1 4607 
1 4741 
1 5082 
1 5182 
1 5254 
1 6050 
1 6055 
1 6293 
1 6400 
1 6508 
1 6724 
1 6745 
1 7300 
1 7446 
1 7505 
1 7625 
1 7775 
1 7941 
1 8282 
1 8288 
1 8370 
1 8542 
1 8641 
1 8707 
1 8942 
1 8945 
1 9132 
1 9158 
1 9172 
1 9188 
1 9291 
1 9620 
1 9957 
1 10061 
1 10124 
1 10321 
1 10423 
1 10471 
1 10520 
1 10707 
1 11125 
1 11214 
1 11227 
1 13437 
1 13534 
1 13601 
1 13817 
1 13860 
1 13962 
1 14057 
1 14062 
1 14091 
1 14222 
1 14236 
1 14287 
1 14382 
1 14441 
1 14551 
1 14603 
1 14755 
1 14790 
1 14861 
1 14885 
1 14913 
1 14980 
1 15017 
1 15098 
1 15246 
1 15256 
1 15260 
1 15278 
1 15307 
1 15325 
1 15328 
1 15339 
1 15398 
1 15454 
1 15464 
1 15466 
1 15535 
1 15548 
1 15600 
1 15603 
1 15652 
1 15675 
1 15729 
1 15763 
1 15784 
1 15904 
1 15929 
1 15957 
1 15966 
1 16024 
1 16368 
